{
 "cells": [
  {
   "cell_type": "markdown",
   "metadata": {},
   "source": [
    "# Fisher Information\n",
    "\n",
    "a collection of methods in order to calculate the fisher matrix"
   ]
  },
  {
   "cell_type": "code",
   "execution_count": 1,
   "metadata": {},
   "outputs": [],
   "source": [
    "#all imports\n",
    "import classy as cl\n",
    "from classy import Class\n",
    "import numpy as np\n",
    "import matplotlib.pyplot as plt\n",
    "import pickle\n",
    "import math\n",
    "import copy\n",
    "\n",
    "pi = np.pi\n",
    "\n",
    "#imports for volume methods\n",
    "from scipy.integrate import quad\n",
    "from scipy import integrate\n",
    "import time\n",
    "from scipy.interpolate import interp1d"
   ]
  },
  {
   "cell_type": "code",
   "execution_count": 2,
   "metadata": {},
   "outputs": [],
   "source": [
    "#constants for the volume methods\n",
    "\n",
    "hbar=6.58*10**(-16)  # eV s units\n",
    "eq=0.302 # electric charge\n",
    "alpha=eq**2/(4*np.pi)\n",
    "Mpl=2.435*10**(18)\n",
    "c=2.998*10**5 #km/s\n",
    "ccm=2.998*10**(10) #cm/s\n",
    "\n",
    "h=.678\n",
    "OmegaL=0.692\n",
    "OmegaM=0.308\n",
    "H100=100/(3.086*10**(19.))*hbar  # 100 km/s/Mpc *(1 Mpc/3.086*10^19 km) * hbar(s eV) -> eV\n",
    "rhoc = 3*((Mpl*10**(9))**2)*(h**2)*(H100**2) #in eV^(4), need to convert Mpl in GeV to eV\n",
    "kB= 8.617*10**(-5) #boltzmann's constant in eV / K\n",
    "Tgamma=2.725*kB\n",
    "rhogamma= 2*(np.pi**2)*(Tgamma**4)/(30.)\n",
    "OmegaR=rhogamma/rhoc"
   ]
  },
  {
   "cell_type": "code",
   "execution_count": 3,
   "metadata": {},
   "outputs": [],
   "source": [
    "def quick_Pk_zbins(VolGpc, z_bins, k_MAX=0.7, add={'N_ur':3.046}):\n",
    "    z_string=''\n",
    "    for elem in z_bins[:-1]:\n",
    "        z_string+=str(elem)+','\n",
    "    z_string+=str(z_bins[-1])\n",
    "    k_MIN_Gpc=2*np.pi/float(VolGpc)**(1/3.)\n",
    "    k_MIN = k_MIN_Gpc*10**(-3)\n",
    "    \n",
    "    k_array = np.arange(k_MIN, k_MAX, k_MIN)\n",
    "    #define a dictionary with the parameters of desired cosmology\n",
    "    params = {\n",
    "            'output': 'tCl pCl lCl mPk',\n",
    "            'l_max_scalars': 5000,\n",
    "            'lensing': 'yes',\n",
    "            'A_s': 2.1e-9,\n",
    "            'n_s': 0.9667,\n",
    "            '100*theta_s': 1.04112,\n",
    "            'omega_b':0.02230,\n",
    "            'omega_cdm': 0.1188,\n",
    "            'tau_reio': 0.066,\n",
    "            'N_ur': 3.046\n",
    "    }\n",
    "    for key in add.keys():\n",
    "        params[key] = add[key]\n",
    "    params['z_pk'] = z_string\n",
    "    Pk = {}\n",
    "    cosmo = Class()\n",
    "    cosmo.set(params)\n",
    "    cosmo.compute()\n",
    "    h = cosmo.h()\n",
    "    #there's no xrange in Python3\n",
    "    for z_k in z_bins:\n",
    "        Pk[z_k] = np.zeros(len(k_array))\n",
    "        for i in range(len(k_array)):\n",
    "            Pk[z_k][i] = cosmo.pk(h*k_array[i], z_k)*h**3\n",
    "    cosmo.struct_cleanup()\n",
    "    cosmo.empty()\n",
    "    return Pk,k_array,params"
   ]
  },
  {
   "cell_type": "code",
   "execution_count": 4,
   "metadata": {},
   "outputs": [],
   "source": [
    "def derivative(parameters, step_sizes, VolGpc, z_bins, k_MAX):\n",
    "    \"\"\"\n",
    "    Parameters\n",
    "    ---------\n",
    "    parameters : dictionary\n",
    "        contains the values of the parameters that will be used\n",
    "        to calculate the derivative\n",
    "    step_sizes : dictionary\n",
    "        contains the sizes of the steps that will be taken when\n",
    "        computing the different cosmos.\n",
    "    VolGpc : number\n",
    "        the value for the volume of the galaxy survey which will\n",
    "        be used as a parameter for quick_Pk_zbins\n",
    "    z_bins : list\n",
    "        the different bins of the redshift which will be used as\n",
    "        a parameter for quick_Pk_zbins\n",
    "    k_MAX : number\n",
    "        the maximum k value which will be used to calculate the\n",
    "        power spectrum in quick_Pk_zbins\n",
    "                \n",
    "    Returns\n",
    "    ------\n",
    "    partials : dictionary\n",
    "        contains a dictionary of dictionaries where the first\n",
    "        key value represents the redshift 'z' and then the\n",
    "        second key value represents the different parameters\n",
    "        which were stepped over for the derivative; the values\n",
    "        of the inner dictionary are arrays which are the\n",
    "        derivatives for the specified ks\n",
    "    k_array : array\n",
    "        contains the different k values for the power spectrum\n",
    "                \n",
    "    Function used to calculate the numerical derivative:\n",
    "                f'(param) = (f(param+h)-f(param-h))/(2h)\n",
    "        where h is the step size of some parameter param\n",
    "    \"\"\"\n",
    "    \n",
    "    partials = {}\n",
    "    #NOTE: This may be slow due to the z_bins being the outer loop\n",
    "    for z in z_bins:\n",
    "        add = {} #a parameter for quick_Pk_zbins\n",
    "        partials[z] = {}\n",
    "        for elem in step_sizes:\n",
    "            step = step_sizes[elem]\n",
    "            add[elem] = parameters[elem] + step\n",
    "            Pk_1, k_array, params_1 = quick_Pk_zbins(VolGpc, z_bins, k_MAX, add)\n",
    "\n",
    "            add[elem] = parameters[elem] - step\n",
    "            Pk_2, k_array, params_2 = quick_Pk_zbins(VolGpc, z_bins, k_MAX, add)\n",
    "            \n",
    "            add = {} #reset the dictionary\n",
    "            \n",
    "            partials[z][elem] = (Pk_1[z] - Pk_2[z])/(2*step)\n",
    "    return partials, k_array"
   ]
  },
  {
   "cell_type": "markdown",
   "metadata": {},
   "source": [
    "With the derivative function, I want to run it only once as long as the step sizes for the parameters doesn't change. I can do this by pickling the resulting output and then using that in other functions."
   ]
  },
  {
   "cell_type": "markdown",
   "metadata": {},
   "source": [
    "The equation used to calculate the fisher matrix is given below:"
   ]
  },
  {
   "cell_type": "markdown",
   "metadata": {},
   "source": [
    "$$F_{ij} = \\int_{k_{min}}^{k_{max}} \\frac{dk k^2}{(2\\pi)^2} \\frac{\\partial P(k)}{\\partial \\theta_i} \\frac{\\partial P(k)}{\\partial \\theta_j} V_{eff}(k)$$"
   ]
  },
  {
   "cell_type": "markdown",
   "metadata": {},
   "source": [
    "where $$V_{eff}(k) \\approx \\left[ \\frac{1}{P_g(k) + 1/\\bar{n_g}} \\right]^2 V$$"
   ]
  },
  {
   "cell_type": "code",
   "execution_count": 5,
   "metadata": {},
   "outputs": [],
   "source": [
    "def fisher_information(step_sizes, derivatives, Pk, k_array, z, galaxy_density, VolGpc, b):\n",
    "    \"\"\"\n",
    "    Parameters\n",
    "    ---------\n",
    "    step_sizes : dictionary\n",
    "        contains the different parameters that we will be\n",
    "        concerned with\n",
    "    derivatives : dictionary\n",
    "        contains the derivatives of the power spectrum with\n",
    "        respect to the parameters in step_sizes\n",
    "    Pk : dictionary\n",
    "        contains the power spectrum for the different\n",
    "        redshift values\n",
    "    k_array : list\n",
    "        all the associated k values in the power spectrum\n",
    "        derivatives\n",
    "    z : number\n",
    "        the redshift value we are concerned with\n",
    "    galaxy_density : number\n",
    "        the average number of galaxies per unit volume\n",
    "    VolGpc : number\n",
    "        the volume of the survey\n",
    "                \n",
    "    Returns\n",
    "    ------\n",
    "    fisher : dictionary\n",
    "        contains more dictionaries inside where each one will\n",
    "        represent a row in 2D matrix, due to the symmetry of\n",
    "        matrix, the order of calling row or col should result\n",
    "        in the same value being returned\n",
    "    \"\"\"\n",
    "    \n",
    "    fisher = {} #initialize the fisher matrix (dictionary) to return\n",
    "    k_min = k_array[0]\n",
    "    for row in step_sizes:\n",
    "        fisher[row] = {}\n",
    "        for col in step_sizes:\n",
    "            value = 0\n",
    "            for k in range(len(k_array)):\n",
    "                V_eff = (Pk[z][k]*(b**2) + 1/galaxy_density)**(-2.)*VolGpc*(10**9)\n",
    "                value += k_min*((k_array[k])**2)/((2*pi)**2)*derivatives[z][row][k]*derivatives[z][col][k]*V_eff\n",
    "            fisher[row][col] = value\n",
    "    return fisher"
   ]
  },
  {
   "cell_type": "code",
   "execution_count": 6,
   "metadata": {},
   "outputs": [],
   "source": [
    "def matrix_maker(pseudo_matrix):\n",
    "    \"\"\"\n",
    "    Parameters\n",
    "    ---------\n",
    "    pseudo_matrix : dictionary\n",
    "        contains keys indicating the index of the row and the\n",
    "        values are nested dictionaries with their keys\n",
    "        indicating the index of the column and their values\n",
    "        being the actual value in the matrix\n",
    "        \n",
    "    Returns\n",
    "    ------\n",
    "    actual_matrix : matrix\n",
    "        a numpy matrix\n",
    "    indices : list\n",
    "        contains the order of each index of the matrix    \n",
    "    \"\"\"\n",
    "    \n",
    "    size = len(pseudo_matrix)\n",
    "    matrix = np.zeros((size, size))\n",
    "    \n",
    "    indices = []\n",
    "    for row, i in zip(pseudo_matrix, range(size)):\n",
    "        indices.append(row)\n",
    "        for col, j in zip(pseudo_matrix[row], range(size)):\n",
    "            matrix[i][j] = pseudo_matrix[row][col]\n",
    "    actual_matrix = np.matrix(matrix)\n",
    "    return actual_matrix, indices"
   ]
  },
  {
   "cell_type": "code",
   "execution_count": 7,
   "metadata": {},
   "outputs": [],
   "source": [
    "def find_sigma(fisher, indices):\n",
    "    \"\"\"\n",
    "    Parameters\n",
    "    ---------\n",
    "    fisher : matrix\n",
    "        a numpy matrix\n",
    "    indices : list\n",
    "        contains the order of each index of the matrix\n",
    "    \n",
    "    Returns\n",
    "    ------\n",
    "    sigma : dictionary\n",
    "        contains the list of all the parameters and their\n",
    "        associated error\n",
    "    \"\"\"\n",
    "    \n",
    "    sigma = {}\n",
    "    print('Determinant : ' + str(np.linalg.det(fisher)))\n",
    "    cov = fisher.I\n",
    "    \n",
    "    for index, i in zip(indices, range(len(fisher))):\n",
    "        sigma[index] = str((cov.item((i, i)))**(1/2))\n",
    "        print('Error for ' + index + ' is : ' + sigma[index])\n",
    "    return sigma"
   ]
  },
  {
   "cell_type": "markdown",
   "metadata": {},
   "source": [
    "# Stochastic Bias"
   ]
  },
  {
   "cell_type": "markdown",
   "metadata": {},
   "source": [
    "In the following section, I will include a stochastic bias which modifies the power spectrum output by classy"
   ]
  },
  {
   "cell_type": "markdown",
   "metadata": {},
   "source": [
    "$$P_g(k) = b^2 P_{CLASS}(k)$$"
   ]
  },
  {
   "cell_type": "markdown",
   "metadata": {},
   "source": [
    "To include a new parameter b, all the other derivatives will be multiplied by $b^2$. Analytically, I can find the derivative with respect to b, due to the simplicity of the polynomial in b."
   ]
  },
  {
   "cell_type": "markdown",
   "metadata": {},
   "source": [
    "$$\\frac{\\partial P_g(k)}{\\partial b} = 2b P_{CLASS}(k)$$"
   ]
  },
  {
   "cell_type": "code",
   "execution_count": 8,
   "metadata": {},
   "outputs": [],
   "source": [
    "def add_bias_derivative(parameters, derivatives, b, VolGpc, z_bins, k_MAX):\n",
    "    \"\"\"\n",
    "    Parameters\n",
    "    ---------\n",
    "    parameters : dictionary\n",
    "        contains the values of the parameters that will be used\n",
    "        to calculate the derivative\n",
    "    derivatives : dictionary\n",
    "        the derivatives dictionary before considering the bias\n",
    "    b : number\n",
    "        the bias\n",
    "    VolGpc : number\n",
    "        the value for the volume of the galaxy survey which will\n",
    "        be used as a parameter for quick_Pk_zbins\n",
    "    z_bins : list\n",
    "        the different bins of the redshift which will be used as\n",
    "        a parameter for quick_Pk_zbins\n",
    "    k_MAX : number\n",
    "        the maximum k value which will be used to calculate the\n",
    "        power spectrum in quick_Pk_zbins\n",
    "    \n",
    "    Returns\n",
    "    -------\n",
    "    derivatives : dictionary\n",
    "        an updated dictionary with the bias included\n",
    "    \"\"\"\n",
    "    db = copy.deepcopy(derivatives)\n",
    "    for z in db:\n",
    "        for param in db[z]:\n",
    "            db[z][param] *= (b**2)\n",
    "    Pk, k_array, params = quick_Pk_zbins(VolGpc, z_bins, k_MAX)\n",
    "    for z in z_bins:\n",
    "        derivative_b = 2*b*Pk[z]\n",
    "        db[z]['b'] = derivative_b\n",
    "    return db"
   ]
  },
  {
   "cell_type": "markdown",
   "metadata": {},
   "source": [
    "# Capsulation Methods"
   ]
  },
  {
   "cell_type": "markdown",
   "metadata": {},
   "source": [
    "In the following methods, I will combine previous methods into a single method, so that I can make a single call with all the parameters and get the fisher matrix and errors without having to go through every step."
   ]
  },
  {
   "cell_type": "code",
   "execution_count": 23,
   "metadata": {},
   "outputs": [],
   "source": [
    "def fisher_sim_all(parameters, step_sizes, vol_Gpc, num_gal, z, k_max):\n",
    "    derivatives, k_array = derivative(parameters, step_sizes, vol_Gpc, z_bins, k_max)\n",
    "    Pk, k_array, params = quick_Pk_zbins(vol_Gpc, z_bins, k_max)\n",
    "    \n",
    "    #simple so bias b = 1\n",
    "    b = 1\n",
    "    galaxy_density = num_gal/(vol_Gpc*(10**9))\n",
    "    fisher = fisher_information(step_sizes, derivatives, Pk, k_array, z, galaxy_density, vol_Gpc, b)\n",
    "    matrix, indices = matrix_maker(fisher)\n",
    "    print(matrix)\n",
    "    sigma = find_sigma(matrix, indices)\n",
    "    \n",
    "    return fisher, derivatives, sigma\n",
    "    "
   ]
  },
  {
   "cell_type": "code",
   "execution_count": 24,
   "metadata": {},
   "outputs": [],
   "source": [
    "def fisher_bias_all(parameters, step_sizes, vol_Gpc, num_gal, z, k_max, b):\n",
    "    derivatives, k_array = derivative(parameters, step_sizes, vol_Gpc, z_bins, k_max)\n",
    "    Pk, k_array, params = quick_Pk_zbins(vol_Gpc, z_bins, k_max)\n",
    "    \n",
    "    ss = copy.deepcopy(step_sizes)\n",
    "    derivatives_b = add_bias_derivative(parameters, derivatives, b, vol_Gpc, z_bins, k_max)\n",
    "    ss['b'] = 0\n",
    "    \n",
    "    galaxy_density = num_gal/(vol_Gpc*(10**9))\n",
    "    fisher = fisher_information(ss, derivatives_b, Pk, k_array, z, galaxy_density, vol_Gpc, b)\n",
    "    matrix, indices = matrix_maker(fisher)\n",
    "    print(matrix)\n",
    "    sigma = find_sigma(matrix, indices)\n",
    "    \n",
    "    return fisher, derivatives, sigma, ss\n",
    "    "
   ]
  },
  {
   "cell_type": "code",
   "execution_count": 25,
   "metadata": {},
   "outputs": [],
   "source": [
    "def fisher_sim_qk(derivatives, parameters, step_sizes, vol_Gpc, num_gal, z, k_max):\n",
    "    Pk, k_array, params = quick_Pk_zbins(vol_Gpc, z_bins, k_max)\n",
    "    \n",
    "    #simple so bias b = 1\n",
    "    b = 1\n",
    "    galaxy_density = num_gal/(vol_Gpc*(10**9))\n",
    "    fisher = fisher_information(step_sizes, derivatives, Pk, k_array, z, galaxy_density, vol_Gpc, b)\n",
    "    matrix, indices = matrix_maker(fisher)\n",
    "    print(matrix)\n",
    "    sigma = find_sigma(matrix, indices)\n",
    "    \n",
    "    return fisher, derivatives, sigma\n",
    "    "
   ]
  },
  {
   "cell_type": "code",
   "execution_count": 26,
   "metadata": {},
   "outputs": [],
   "source": [
    "def fisher_bias_qk(derivatives, parameters, step_sizes, vol_Gpc, num_gal, z, k_max, b):\n",
    "    Pk, k_array, params = quick_Pk_zbins(vol_Gpc, z_bins, k_max)\n",
    "    \n",
    "    ss = copy.deepcopy(step_sizes)\n",
    "    derivatives_b = add_bias_derivative(parameters, derivatives, b, vol_Gpc, z_bins, k_max)\n",
    "    ss['b'] = 0\n",
    "    \n",
    "    galaxy_density = num_gal/(vol_Gpc*(10**9))\n",
    "    fisher = fisher_information(ss, derivatives_b, Pk, k_array, z, galaxy_density, vol_Gpc, b)\n",
    "    matrix, indices = matrix_maker(fisher)\n",
    "    print(matrix)\n",
    "    sigma = find_sigma(matrix, indices)\n",
    "    \n",
    "    return fisher, derivatives, sigma, ss\n",
    "    "
   ]
  },
  {
   "cell_type": "markdown",
   "metadata": {},
   "source": [
    "# Volume Methods"
   ]
  },
  {
   "cell_type": "code",
   "execution_count": 13,
   "metadata": {},
   "outputs": [],
   "source": [
    "def H(a):\n",
    "    return h*H100*np.sqrt(OmegaR*a**(-4) + OmegaM*a**(-3)+OmegaL)/hbar\n",
    "def HMpc(a):\n",
    "    return h*100*np.sqrt(OmegaR*a**(-4) + OmegaM*a**(-3)+OmegaL)  # returns H(a)  in km/s / Mpc\n",
    "\n",
    "Spheredeg2=360**2/pi\n",
    "\n",
    "def ztoa(z):\n",
    "    return 1./(1.+z)\n",
    "\n",
    "def distanceMpc(z):\n",
    "    temp=quad(lambda x:1/(x*x*HMpc(x)),ztoa(z),1)[0]\n",
    "    return temp*3*10.**(5.)*h\n",
    "#return temp*3*10.**(5.)\n",
    "\n",
    "def shell(z,Deltaz):\n",
    "    temp=quad(lambda x:1/(x*x*HMpc(x)),ztoa(z+Deltaz),ztoa(z))[0]\n",
    "    return temp*3*10.**(5.)*h\n",
    "#return temp*3*10.**(5.)\n",
    "\n",
    "def shellV(z,Deltaz,deg2):\n",
    "    return 4*pi*shell(z,Deltaz)*distanceMpc(z)**2*deg2/Spheredeg2\n",
    "\n",
    "def Dt(z):\n",
    "    temp1=quad(lambda x:1/((x*HMpc(x)/100.)**3),0.0001,ztoa(z))[0]\n",
    "    temp2=quad(lambda x:1/((x*HMpc(x)/100.)**3),0.0001,1)[0]\n",
    "    return (temp1/temp2)*(HMpc(ztoa(z))/HMpc(1.))\n",
    "\n",
    "def Dta(a):\n",
    "    temp1=quad(lambda x:1/((x*HMpc(x)/100.)**3),0.0001,a)[0]\n",
    "    temp2=quad(lambda x:1/((x*HMpc(x)/100.)**3),0.0001,1)[0]\n",
    "    return (temp1/temp2)*(HMpc(a)/HMpc(1.))\n",
    "\n",
    "\n",
    "def ng_z_bins(deg2,zmax,Nobs,z_space=0.1):\n",
    "    z_bins=np.arange(z_space,zmax,z_space)\n",
    "    ng_bins={}\n",
    "    vol_tot=0\n",
    "    for z in z_bins:\n",
    "        vol_tot+=shellV(z,z_space,deg2)\n",
    "    for z_j in z_bins:\n",
    "        ng_bins[z_j]=Nobs/vol_tot\n",
    "    return z_bins,ng_bins,vol_tot"
   ]
  },
  {
   "cell_type": "markdown",
   "metadata": {},
   "source": [
    "Given a volume (calculated by some fraction of the sky and some range of redshifts), some average density of galaxies, and a range of redshifts, I can first make an approximation in which I will compute the fisher matrix as if it were a large rectangular box at the average redshift value. Or I can partition the volume into diffferent bins and individually compute their fisher matrices. Then I can compare my results and see how similar the numbers are."
   ]
  },
  {
   "cell_type": "code",
   "execution_count": 14,
   "metadata": {},
   "outputs": [],
   "source": [
    "def partition(deg2, z_min, z_max, dz, num_gal):\n",
    "    Spheredeg2=360**2/pi\n",
    "    frac_sky = deg2/Spheredeg2\n",
    "    z_bins = np.arange(z_min, z_max + dz, dz) # +dz makes it inclusive\n",
    "    vol_bins = np.zeros(len(z_bins))\n",
    "    gal_bins = np.zeros(len(z_bins))\n",
    "\n",
    "    vol = 0\n",
    "    for z, i in zip(z_bins, range(len(z_bins))):\n",
    "        vol_bins[i] = shellV(z, dz, deg2)/1e9\n",
    "        vol += vol_bins[i]\n",
    "        #Units of (Gpc/h)^3\n",
    "    print(vol)\n",
    "    gal_den = num_gal/vol\n",
    "    \n",
    "    #this calculates the number of galaxies needed to be in each bin, so that the galaxy densities are the\n",
    "    #same in each bin (this is an approximation)\n",
    "    for i in range(len(gal_bins)):\n",
    "        gal_bins[i] = gal_den*vol_bins[i]\n",
    "\n",
    "    return z_bins, vol_bins, gal_bins, vol"
   ]
  },
  {
   "cell_type": "code",
   "execution_count": 29,
   "metadata": {},
   "outputs": [],
   "source": [
    "def fisher_many(parameters, step_sizes, z_bins, vol_bins, gal_bins, k_max, bias_bins):\n",
    "    fisher_list = []\n",
    "    for z, vol, num_gal, b in zip(z_bins, vol_bins, gal_bins, bias_bins):\n",
    "        fisher, derivatives, sigma, ss = fisher_bias_all(parameters, step_sizes, vol, num_gal, z, k_max, b)\n",
    "        fisher_list.append(fisher)\n",
    "    size = len(fisher_list[0])\n",
    "    matrix = np.zeros((size, size))\n",
    "    for i in range(len(fisher_list)):\n",
    "        matrix += matrix_maker(fisher_list[i])\n",
    "    print(matrix)"
   ]
  },
  {
   "cell_type": "code",
   "execution_count": 30,
   "metadata": {},
   "outputs": [
    {
     "name": "stdout",
     "output_type": "stream",
     "text": [
      "7.237301921031079\n",
      "[[ 2.24312095e-03 -6.46989649e-01 -3.53999837e+00  8.67531151e+00\n",
      "  -6.63151757e+00 -1.21375216e+00]\n",
      " [-6.46989649e-01  2.62921319e+02  8.76901570e+02 -3.38277395e+03\n",
      "   2.51271517e+03  3.53175657e+02]\n",
      " [-3.53999837e+00  8.76901570e+02  8.62242748e+03 -1.03917938e+04\n",
      "   6.39986830e+03  2.03252429e+03]\n",
      " [ 8.67531151e+00 -3.38277395e+03 -1.03917938e+04  5.04105300e+04\n",
      "  -3.80919833e+04 -5.06904248e+03]\n",
      " [-6.63151757e+00  2.51271517e+03  6.39986830e+03 -3.80919833e+04\n",
      "   3.00415521e+04  3.77249027e+03]\n",
      " [-1.21375216e+00  3.53175657e+02  2.03252429e+03 -5.06904248e+03\n",
      "   3.77249027e+03  6.95107433e+02]]\n",
      "Determinant : 17872797.383502685\n",
      "Error for tau_reio is : 183.04777740285311\n",
      "Error for n_s is : 1.8195127679950693\n",
      "Error for 100*theta_s is : 0.8106481658802216\n",
      "Error for omega_b is : 0.17556394986469806\n",
      "Error for omega_cdm is : 0.690634824942326\n",
      "Error for b is : 4.01778185312588\n",
      "[[ 1.58287672e-02 -5.02913465e+00 -3.11198297e+01  5.80067636e+01\n",
      "  -4.36026757e+01 -8.76739729e+00]\n",
      " [-5.02913465e+00  2.40180870e+03  8.41875520e+03 -2.82571707e+04\n",
      "   2.11884653e+04  2.97597953e+03]\n",
      " [-3.11198297e+01  8.41875520e+03  8.69133184e+04 -8.75402741e+04\n",
      "   5.04341145e+04  1.80830632e+04]\n",
      " [ 5.80067636e+01 -2.82571707e+04 -8.75402741e+04  3.78808817e+05\n",
      "  -2.89062747e+05 -3.74684367e+04]\n",
      " [-4.36026757e+01  2.11884653e+04  5.04341145e+04 -2.89062747e+05\n",
      "   2.33329653e+05  2.76942734e+04]\n",
      " [-8.76739729e+00  2.97597953e+03  1.80830632e+04 -3.74684367e+04\n",
      "   2.76942734e+04  5.31002619e+03]]\n",
      "Determinant : 13055921001612.695\n",
      "Error for tau_reio is : 42.60969415130866\n",
      "Error for n_s is : 0.6368180910501726\n",
      "Error for 100*theta_s is : 0.2990619551896251\n",
      "Error for omega_b is : 0.06781351996453931\n",
      "Error for omega_cdm is : 0.2579157131621196\n",
      "Error for b is : 1.5239087881725408\n",
      "[[ 4.40913717e-02 -1.25596741e+01 -8.85883247e+01  1.31134557e+02\n",
      "  -9.63705678e+01 -2.18178334e+01]\n",
      " [-1.25596741e+01  5.65463642e+03  2.35939396e+04 -6.03444221e+04\n",
      "   4.37694898e+04  6.76500897e+03]\n",
      " [-8.85883247e+01  2.35939396e+04  2.56490647e+05 -2.07499648e+05\n",
      "   1.09949150e+05  4.80406914e+04]\n",
      " [ 1.31134557e+02 -6.03444221e+04 -2.07499648e+05  7.50353529e+05\n",
      "  -5.59951939e+05 -7.45454890e+04]\n",
      " [-9.63705678e+01  4.37694898e+04  1.09949150e+05 -5.59951939e+05\n",
      "   4.49217851e+05  5.27462175e+04]\n",
      " [-2.18178334e+01  6.76500897e+03  4.80406914e+04 -7.45454890e+04\n",
      "   5.27462175e+04  1.17904371e+04]]\n",
      "Determinant : 4092308365445124.5\n",
      "Error for tau_reio is : 20.385729808171725\n",
      "Error for n_s is : 0.41797314515994227\n",
      "Error for 100*theta_s is : 0.19201878866317615\n",
      "Error for omega_b is : 0.041715664291079334\n",
      "Error for omega_cdm is : 0.16456219553214352\n",
      "Error for b is : 1.0209837239129747\n",
      "[[ 7.31788015e-02 -2.21923474e+01 -1.74596156e+02  1.94708427e+02\n",
      "  -1.33392055e+02 -3.58417873e+01]\n",
      " [-2.21923474e+01  1.01859665e+04  4.67731402e+04 -9.89537295e+04\n",
      "   7.04473239e+04  1.15000159e+04]\n",
      " [-1.74596156e+02  4.67731402e+04  5.24802917e+05 -3.47370069e+05\n",
      "   1.66321575e+05  8.84826506e+04]\n",
      " [ 1.94708427e+02 -9.89537295e+04 -3.47370069e+05  1.14596506e+06\n",
      "  -8.48247157e+05 -1.10610083e+05]\n",
      " [-1.33392055e+02  7.04473239e+04  1.66321575e+05 -8.48247157e+05\n",
      "   6.85514985e+05  7.55005707e+04]\n",
      " [-3.58417873e+01  1.15000159e+04  8.84826506e+04 -1.10610083e+05\n",
      "   7.55005707e+04  1.88231702e+04]]\n",
      "Determinant : 7.805542535005976e+16\n",
      "Error for tau_reio is : 19.37039622265773\n",
      "Error for n_s is : 0.30256364228631055\n",
      "Error for 100*theta_s is : 0.13861139499371078\n",
      "Error for omega_b is : 0.03003061996995334\n",
      "Error for omega_cdm is : 0.11867694012528539\n",
      "Error for b is : 0.7720745446434087\n",
      "[[ 1.20696142e-01 -3.44387350e+01 -2.96687398e+02  2.60851327e+02\n",
      "  -1.68073309e+02 -5.06392790e+01]\n",
      " [-3.44387350e+01  1.43287910e+04  7.71718156e+04 -1.27427546e+05\n",
      "   8.45294393e+04  1.49083743e+04]\n",
      " [-2.96687398e+02  7.71718156e+04  9.21753628e+05 -4.72011194e+05\n",
      "   1.76117363e+05  1.31402928e+05]\n",
      " [ 2.60851327e+02 -1.27427546e+05 -4.72011194e+05  1.43163924e+06\n",
      "  -1.02276738e+06 -1.25104600e+05]\n",
      " [-1.68073309e+02  8.45294393e+04  1.76117363e+05 -1.02276738e+06\n",
      "   8.18621028e+05  7.76499672e+04]\n",
      " [-5.06392790e+01  1.49083743e+04  1.31402928e+05 -1.25104600e+05\n",
      "   7.76499672e+04  2.26821852e+04]]\n",
      "Determinant : 2.229327167736498e+17\n",
      "Error for tau_reio is : 26.66824004293047\n",
      "Error for n_s is : 0.2770695078678758\n",
      "Error for 100*theta_s is : 0.13535550746940378\n",
      "Error for omega_b is : 0.03299881382990525\n",
      "Error for omega_cdm is : 0.11824165116273226\n",
      "Error for b is : 0.802109122588287\n",
      "[[ 1.52570148e-01 -4.46854467e+01 -3.94468903e+02  2.97842867e+02\n",
      "  -1.84696505e+02 -6.62216033e+01]\n",
      " [-4.46854467e+01  1.88685305e+04  1.03005870e+05 -1.53162578e+05\n",
      "   1.02262471e+05  1.97574782e+04]\n",
      " [-3.94468903e+02  1.03005870e+05  1.26160599e+06 -5.19286524e+05\n",
      "   1.55091625e+05  1.79075780e+05]\n",
      " [ 2.97842867e+02 -1.53162578e+05 -5.19286524e+05  1.62609445e+06\n",
      "  -1.17826045e+06 -1.43407491e+05]\n",
      " [-1.84696505e+02  1.02262471e+05  1.55091625e+05 -1.17826045e+06\n",
      "   9.69475946e+05  8.64752254e+04]\n",
      " [-6.62216033e+01  1.97574782e+04  1.79075780e+05 -1.43407491e+05\n",
      "   8.64752254e+04  3.03490075e+04]]\n",
      "Determinant : 2.1185604073638828e+18\n",
      "Error for tau_reio is : 16.75258900921132\n",
      "Error for n_s is : 0.22238537298398534\n",
      "Error for 100*theta_s is : 0.10346594616749706\n",
      "Error for omega_b is : 0.023100811866305956\n",
      "Error for omega_cdm is : 0.0889961500828127\n",
      "Error for b is : 0.6076221243697686\n",
      "[[ 1.78851715e-01 -5.12500070e+01 -5.00184956e+02  2.96378753e+02\n",
      "  -1.62893606e+02 -7.50561935e+01]\n",
      " [-5.12500070e+01  2.18601919e+04  1.31044382e+05 -1.63966533e+05\n",
      "   1.02535155e+05  2.20083842e+04]\n",
      " [-5.00184956e+02  1.31044382e+05  1.70137558e+06 -5.22717124e+05\n",
      "   6.06654108e+04  2.19032443e+05]\n",
      " [ 2.96378753e+02 -1.63966533e+05 -5.22717124e+05  1.73797746e+06\n",
      "  -1.23651987e+06 -1.37895728e+05]\n",
      " [-1.62893606e+02  1.02535155e+05  6.06654108e+04 -1.23651987e+06\n",
      "   1.02594967e+06  7.30053099e+04]\n",
      " [-7.50561935e+01  2.20083842e+04  2.19032443e+05 -1.37895728e+05\n",
      "   7.30053099e+04  3.29736319e+04]]\n",
      "Determinant : 5.724070225936355e+18\n",
      "Error for tau_reio is : 15.500593568331047\n",
      "Error for n_s is : 0.20138677910741143\n",
      "Error for 100*theta_s is : 0.09207310209379041\n",
      "Error for omega_b is : 0.02000584050577201\n",
      "Error for omega_cdm is : 0.0788127215965883\n",
      "Error for b is : 0.5710570236648153\n"
     ]
    },
    {
     "ename": "KeyboardInterrupt",
     "evalue": "",
     "output_type": "error",
     "traceback": [
      "\u001b[0;31m---------------------------------------------------------------------------\u001b[0m",
      "\u001b[0;31mKeyboardInterrupt\u001b[0m                         Traceback (most recent call last)",
      "\u001b[0;32m<ipython-input-30-84c88d633170>\u001b[0m in \u001b[0;36m<module>\u001b[0;34m\u001b[0m\n\u001b[1;32m     27\u001b[0m \u001b[0;34m\u001b[0m\u001b[0m\n\u001b[1;32m     28\u001b[0m \u001b[0mz_bins\u001b[0m\u001b[0;34m,\u001b[0m \u001b[0mvol_bins\u001b[0m\u001b[0;34m,\u001b[0m \u001b[0mgal_bins\u001b[0m\u001b[0;34m,\u001b[0m \u001b[0mvol_Gpc\u001b[0m \u001b[0;34m=\u001b[0m \u001b[0mpartition\u001b[0m\u001b[0;34m(\u001b[0m\u001b[0mdeg2\u001b[0m\u001b[0;34m,\u001b[0m \u001b[0mz_min\u001b[0m\u001b[0;34m,\u001b[0m \u001b[0mz_max\u001b[0m\u001b[0;34m,\u001b[0m \u001b[0mdz\u001b[0m\u001b[0;34m,\u001b[0m \u001b[0mnum_gal\u001b[0m\u001b[0;34m)\u001b[0m\u001b[0;34m\u001b[0m\u001b[0;34m\u001b[0m\u001b[0m\n\u001b[0;32m---> 29\u001b[0;31m \u001b[0mfisher_many\u001b[0m\u001b[0;34m(\u001b[0m\u001b[0mparameters\u001b[0m\u001b[0;34m,\u001b[0m \u001b[0mstep_sizes\u001b[0m\u001b[0;34m,\u001b[0m \u001b[0mz_bins\u001b[0m\u001b[0;34m,\u001b[0m \u001b[0mvol_bins\u001b[0m\u001b[0;34m,\u001b[0m \u001b[0mgal_bins\u001b[0m\u001b[0;34m,\u001b[0m \u001b[0mk_max\u001b[0m\u001b[0;34m,\u001b[0m \u001b[0mbias_bins\u001b[0m\u001b[0;34m)\u001b[0m\u001b[0;34m\u001b[0m\u001b[0;34m\u001b[0m\u001b[0m\n\u001b[0m\u001b[1;32m     30\u001b[0m \u001b[0mfisher\u001b[0m\u001b[0;34m,\u001b[0m \u001b[0mderivatives\u001b[0m\u001b[0;34m,\u001b[0m \u001b[0msigma\u001b[0m\u001b[0;34m,\u001b[0m \u001b[0mss\u001b[0m \u001b[0;34m=\u001b[0m \u001b[0mfisher_bias_all\u001b[0m\u001b[0;34m(\u001b[0m\u001b[0mparameters\u001b[0m\u001b[0;34m,\u001b[0m \u001b[0mstep_sizes\u001b[0m\u001b[0;34m,\u001b[0m \u001b[0mvol_Gpc\u001b[0m\u001b[0;34m,\u001b[0m \u001b[0mnum_gal\u001b[0m\u001b[0;34m,\u001b[0m \u001b[0mz_bins\u001b[0m\u001b[0;34m[\u001b[0m\u001b[0;36m0\u001b[0m\u001b[0;34m]\u001b[0m\u001b[0;34m,\u001b[0m \u001b[0mk_max\u001b[0m\u001b[0;34m,\u001b[0m \u001b[0mbias_bins\u001b[0m\u001b[0;34m[\u001b[0m\u001b[0;36m0\u001b[0m\u001b[0;34m]\u001b[0m\u001b[0;34m)\u001b[0m\u001b[0;34m\u001b[0m\u001b[0;34m\u001b[0m\u001b[0m\n\u001b[1;32m     31\u001b[0m \u001b[0mprint\u001b[0m\u001b[0;34m(\u001b[0m\u001b[0mfisher\u001b[0m\u001b[0;34m)\u001b[0m\u001b[0;34m\u001b[0m\u001b[0;34m\u001b[0m\u001b[0m\n",
      "\u001b[0;32m<ipython-input-29-06d28dee8465>\u001b[0m in \u001b[0;36mfisher_many\u001b[0;34m(parameters, step_sizes, z_bins, vol_bins, gal_bins, k_max, bias_bins)\u001b[0m\n\u001b[1;32m      2\u001b[0m     \u001b[0mfisher_list\u001b[0m \u001b[0;34m=\u001b[0m \u001b[0;34m[\u001b[0m\u001b[0;34m]\u001b[0m\u001b[0;34m\u001b[0m\u001b[0;34m\u001b[0m\u001b[0m\n\u001b[1;32m      3\u001b[0m     \u001b[0;32mfor\u001b[0m \u001b[0mz\u001b[0m\u001b[0;34m,\u001b[0m \u001b[0mvol\u001b[0m\u001b[0;34m,\u001b[0m \u001b[0mnum_gal\u001b[0m\u001b[0;34m,\u001b[0m \u001b[0mb\u001b[0m \u001b[0;32min\u001b[0m \u001b[0mzip\u001b[0m\u001b[0;34m(\u001b[0m\u001b[0mz_bins\u001b[0m\u001b[0;34m,\u001b[0m \u001b[0mvol_bins\u001b[0m\u001b[0;34m,\u001b[0m \u001b[0mgal_bins\u001b[0m\u001b[0;34m,\u001b[0m \u001b[0mbias_bins\u001b[0m\u001b[0;34m)\u001b[0m\u001b[0;34m:\u001b[0m\u001b[0;34m\u001b[0m\u001b[0;34m\u001b[0m\u001b[0m\n\u001b[0;32m----> 4\u001b[0;31m         \u001b[0mfisher\u001b[0m\u001b[0;34m,\u001b[0m \u001b[0mderivatives\u001b[0m\u001b[0;34m,\u001b[0m \u001b[0msigma\u001b[0m\u001b[0;34m,\u001b[0m \u001b[0mss\u001b[0m \u001b[0;34m=\u001b[0m \u001b[0mfisher_bias_all\u001b[0m\u001b[0;34m(\u001b[0m\u001b[0mparameters\u001b[0m\u001b[0;34m,\u001b[0m \u001b[0mstep_sizes\u001b[0m\u001b[0;34m,\u001b[0m \u001b[0mvol\u001b[0m\u001b[0;34m,\u001b[0m \u001b[0mnum_gal\u001b[0m\u001b[0;34m,\u001b[0m \u001b[0mz\u001b[0m\u001b[0;34m,\u001b[0m \u001b[0mk_max\u001b[0m\u001b[0;34m,\u001b[0m \u001b[0mb\u001b[0m\u001b[0;34m)\u001b[0m\u001b[0;34m\u001b[0m\u001b[0;34m\u001b[0m\u001b[0m\n\u001b[0m\u001b[1;32m      5\u001b[0m         \u001b[0mfisher_list\u001b[0m\u001b[0;34m.\u001b[0m\u001b[0mappend\u001b[0m\u001b[0;34m(\u001b[0m\u001b[0mfisher\u001b[0m\u001b[0;34m)\u001b[0m\u001b[0;34m\u001b[0m\u001b[0;34m\u001b[0m\u001b[0m\n\u001b[1;32m      6\u001b[0m     \u001b[0msize\u001b[0m \u001b[0;34m=\u001b[0m \u001b[0mlen\u001b[0m\u001b[0;34m(\u001b[0m\u001b[0mfisher_list\u001b[0m\u001b[0;34m[\u001b[0m\u001b[0;36m0\u001b[0m\u001b[0;34m]\u001b[0m\u001b[0;34m)\u001b[0m\u001b[0;34m\u001b[0m\u001b[0;34m\u001b[0m\u001b[0m\n",
      "\u001b[0;32m<ipython-input-24-7df72fbf0889>\u001b[0m in \u001b[0;36mfisher_bias_all\u001b[0;34m(parameters, step_sizes, vol_Gpc, num_gal, z, k_max, b)\u001b[0m\n\u001b[1;32m      1\u001b[0m \u001b[0;32mdef\u001b[0m \u001b[0mfisher_bias_all\u001b[0m\u001b[0;34m(\u001b[0m\u001b[0mparameters\u001b[0m\u001b[0;34m,\u001b[0m \u001b[0mstep_sizes\u001b[0m\u001b[0;34m,\u001b[0m \u001b[0mvol_Gpc\u001b[0m\u001b[0;34m,\u001b[0m \u001b[0mnum_gal\u001b[0m\u001b[0;34m,\u001b[0m \u001b[0mz\u001b[0m\u001b[0;34m,\u001b[0m \u001b[0mk_max\u001b[0m\u001b[0;34m,\u001b[0m \u001b[0mb\u001b[0m\u001b[0;34m)\u001b[0m\u001b[0;34m:\u001b[0m\u001b[0;34m\u001b[0m\u001b[0;34m\u001b[0m\u001b[0m\n\u001b[0;32m----> 2\u001b[0;31m     \u001b[0mderivatives\u001b[0m\u001b[0;34m,\u001b[0m \u001b[0mk_array\u001b[0m \u001b[0;34m=\u001b[0m \u001b[0mderivative\u001b[0m\u001b[0;34m(\u001b[0m\u001b[0mparameters\u001b[0m\u001b[0;34m,\u001b[0m \u001b[0mstep_sizes\u001b[0m\u001b[0;34m,\u001b[0m \u001b[0mvol_Gpc\u001b[0m\u001b[0;34m,\u001b[0m \u001b[0mz_bins\u001b[0m\u001b[0;34m,\u001b[0m \u001b[0mk_max\u001b[0m\u001b[0;34m)\u001b[0m\u001b[0;34m\u001b[0m\u001b[0;34m\u001b[0m\u001b[0m\n\u001b[0m\u001b[1;32m      3\u001b[0m     \u001b[0mPk\u001b[0m\u001b[0;34m,\u001b[0m \u001b[0mk_array\u001b[0m\u001b[0;34m,\u001b[0m \u001b[0mparams\u001b[0m \u001b[0;34m=\u001b[0m \u001b[0mquick_Pk_zbins\u001b[0m\u001b[0;34m(\u001b[0m\u001b[0mvol_Gpc\u001b[0m\u001b[0;34m,\u001b[0m \u001b[0mz_bins\u001b[0m\u001b[0;34m,\u001b[0m \u001b[0mk_max\u001b[0m\u001b[0;34m)\u001b[0m\u001b[0;34m\u001b[0m\u001b[0;34m\u001b[0m\u001b[0m\n\u001b[1;32m      4\u001b[0m \u001b[0;34m\u001b[0m\u001b[0m\n\u001b[1;32m      5\u001b[0m     \u001b[0mss\u001b[0m \u001b[0;34m=\u001b[0m \u001b[0mcopy\u001b[0m\u001b[0;34m.\u001b[0m\u001b[0mdeepcopy\u001b[0m\u001b[0;34m(\u001b[0m\u001b[0mstep_sizes\u001b[0m\u001b[0;34m)\u001b[0m\u001b[0;34m\u001b[0m\u001b[0;34m\u001b[0m\u001b[0m\n",
      "\u001b[0;32m<ipython-input-4-24d4b1c91fb8>\u001b[0m in \u001b[0;36mderivative\u001b[0;34m(parameters, step_sizes, VolGpc, z_bins, k_MAX)\u001b[0m\n\u001b[1;32m     44\u001b[0m             \u001b[0mstep\u001b[0m \u001b[0;34m=\u001b[0m \u001b[0mstep_sizes\u001b[0m\u001b[0;34m[\u001b[0m\u001b[0melem\u001b[0m\u001b[0;34m]\u001b[0m\u001b[0;34m\u001b[0m\u001b[0;34m\u001b[0m\u001b[0m\n\u001b[1;32m     45\u001b[0m             \u001b[0madd\u001b[0m\u001b[0;34m[\u001b[0m\u001b[0melem\u001b[0m\u001b[0;34m]\u001b[0m \u001b[0;34m=\u001b[0m \u001b[0mparameters\u001b[0m\u001b[0;34m[\u001b[0m\u001b[0melem\u001b[0m\u001b[0;34m]\u001b[0m \u001b[0;34m+\u001b[0m \u001b[0mstep\u001b[0m\u001b[0;34m\u001b[0m\u001b[0;34m\u001b[0m\u001b[0m\n\u001b[0;32m---> 46\u001b[0;31m             \u001b[0mPk_1\u001b[0m\u001b[0;34m,\u001b[0m \u001b[0mk_array\u001b[0m\u001b[0;34m,\u001b[0m \u001b[0mparams_1\u001b[0m \u001b[0;34m=\u001b[0m \u001b[0mquick_Pk_zbins\u001b[0m\u001b[0;34m(\u001b[0m\u001b[0mVolGpc\u001b[0m\u001b[0;34m,\u001b[0m \u001b[0mz_bins\u001b[0m\u001b[0;34m,\u001b[0m \u001b[0mk_MAX\u001b[0m\u001b[0;34m,\u001b[0m \u001b[0madd\u001b[0m\u001b[0;34m)\u001b[0m\u001b[0;34m\u001b[0m\u001b[0;34m\u001b[0m\u001b[0m\n\u001b[0m\u001b[1;32m     47\u001b[0m \u001b[0;34m\u001b[0m\u001b[0m\n\u001b[1;32m     48\u001b[0m             \u001b[0madd\u001b[0m\u001b[0;34m[\u001b[0m\u001b[0melem\u001b[0m\u001b[0;34m]\u001b[0m \u001b[0;34m=\u001b[0m \u001b[0mparameters\u001b[0m\u001b[0;34m[\u001b[0m\u001b[0melem\u001b[0m\u001b[0;34m]\u001b[0m \u001b[0;34m-\u001b[0m \u001b[0mstep\u001b[0m\u001b[0;34m\u001b[0m\u001b[0;34m\u001b[0m\u001b[0m\n",
      "\u001b[0;32m<ipython-input-3-47e378476ca5>\u001b[0m in \u001b[0;36mquick_Pk_zbins\u001b[0;34m(VolGpc, z_bins, k_MAX, add)\u001b[0m\n\u001b[1;32m     27\u001b[0m     \u001b[0mcosmo\u001b[0m \u001b[0;34m=\u001b[0m \u001b[0mClass\u001b[0m\u001b[0;34m(\u001b[0m\u001b[0;34m)\u001b[0m\u001b[0;34m\u001b[0m\u001b[0;34m\u001b[0m\u001b[0m\n\u001b[1;32m     28\u001b[0m     \u001b[0mcosmo\u001b[0m\u001b[0;34m.\u001b[0m\u001b[0mset\u001b[0m\u001b[0;34m(\u001b[0m\u001b[0mparams\u001b[0m\u001b[0;34m)\u001b[0m\u001b[0;34m\u001b[0m\u001b[0;34m\u001b[0m\u001b[0m\n\u001b[0;32m---> 29\u001b[0;31m     \u001b[0mcosmo\u001b[0m\u001b[0;34m.\u001b[0m\u001b[0mcompute\u001b[0m\u001b[0;34m(\u001b[0m\u001b[0;34m)\u001b[0m\u001b[0;34m\u001b[0m\u001b[0;34m\u001b[0m\u001b[0m\n\u001b[0m\u001b[1;32m     30\u001b[0m     \u001b[0mh\u001b[0m \u001b[0;34m=\u001b[0m \u001b[0mcosmo\u001b[0m\u001b[0;34m.\u001b[0m\u001b[0mh\u001b[0m\u001b[0;34m(\u001b[0m\u001b[0;34m)\u001b[0m\u001b[0;34m\u001b[0m\u001b[0;34m\u001b[0m\u001b[0m\n\u001b[1;32m     31\u001b[0m     \u001b[0;31m#there's no xrange in Python3\u001b[0m\u001b[0;34m\u001b[0m\u001b[0;34m\u001b[0m\u001b[0;34m\u001b[0m\u001b[0m\n",
      "\u001b[0;31mKeyboardInterrupt\u001b[0m: "
     ]
    }
   ],
   "source": [
    "step_sizes = {\n",
    "    'tau_reio': 0.02,\n",
    "    'n_s': 0.01,\n",
    "    '100*theta_s': 0.002,\n",
    "    'omega_b': 0.0008,\n",
    "    'omega_cdm': 0.002\n",
    "}\n",
    "parameters = {\n",
    "        'output': 'tCl pCl lCl mPk',\n",
    "        'l_max_scalars': 5000,\n",
    "        'lensing': 'yes',\n",
    "        'n_s': 0.9667,\n",
    "        '100*theta_s': 1.04112,\n",
    "        'omega_b':0.02230,\n",
    "        'omega_cdm': 0.1188,\n",
    "        'tau_reio': 0.066,\n",
    "}\n",
    "k_max = 0.2\n",
    "\n",
    "bias_bins = [1.79, 1.90, 1.98, 2.09, 2.32, 2.26, 2.38, 3.09]\n",
    "\n",
    "deg2 = 10000\n",
    "z_min = 0.05\n",
    "z_max = 0.75\n",
    "dz = 0.1\n",
    "num_gal = 1.4e6\n",
    "\n",
    "z_bins, vol_bins, gal_bins, vol_Gpc = partition(deg2, z_min, z_max, dz, num_gal)\n",
    "fisher_many(parameters, step_sizes, z_bins, vol_bins, gal_bins, k_max, bias_bins)\n",
    "fisher, derivatives, sigma, ss = fisher_bias_all(parameters, step_sizes, vol_Gpc, num_gal, z_bins[0], k_max, bias_bins[0])\n",
    "print(fisher)"
   ]
  },
  {
   "cell_type": "markdown",
   "metadata": {},
   "source": [
    "## Initial parameters we care about:"
   ]
  },
  {
   "cell_type": "code",
   "execution_count": null,
   "metadata": {},
   "outputs": [],
   "source": [
    "step_sizes = {\n",
    "    'A_s': 1e-10,\n",
    "    'N_ur': 0.06,\n",
    "    'tau_reio': 0.02,\n",
    "    'n_s': 0.01,\n",
    "    '100*theta_s': 0.002,\n",
